146.754728537127
168.893882446491
139.930994979285
159.249617436245
144.884106525354
149.28864916404
146.405961727336
161.758182751382
143.049969172398
155.044930066601
160.405249712658
161.733746476743
159.715831667819
153.589790016151
154.2360738285
151.883366275707
144.190204435454
147.823010416054
160.076396014358
145.71189977406
140.517870997586
146.86474018238
172.287177842504
159.110246821451
150.361825491652
167.089049798159
152.348446078504
153.826102364119
151.652105673928
149.800671305286
165.441096595606
147.622161415182
146.815114625031
158.274948669153
158.86839731587
152.577609143185
161.747826067346
154.82212822221
138.383076341589
152.37206158333
